mov_left.pos_ini = [0.542413568551134, 0.4410548853912834, -0.20593501486537927, 3.092105505900529, -0.014428782075594341, -1.4910003798038731]
mov_left.pos_fin = [0.46861666953894747, -0.10959930526104068, -0.20539838526512527, 3.1291416470671325, 0.03132900801471373, -1.4992585699721497]
mov_right.pos_ini = [0.5947893815975122, -0.40057085287762384, -0.21006674096522038, -3.1178505851742324, -0.05058335994753126, -1.5615656407844425]
mov_right.pos_fin =[0.46867752259456485, -0.1032540305288401, -0.204136621520424, -3.0986900753937308, -0.038383237305592954, -1.4956599285785068]
